-2
-2
-2
-2
-2
-2
-2
-2
-3
-3
-3
-3
-3
-4
-4
-4
-3
-3
-3
-3
-3
-2
-2
-2
-2
-2
-2
-2
-2
-2
-2
-2
-2
-2
-2
2
2
2
2
2
2
2
-2
-2
-2
-2
-2
-2
-2
-2
-2
-2
-2
-2
-2
-3
-3
-2
-3
-2
-3
-2
-3
-3
-3
-3
-3
-3
-2
-2
2
-2
-2
-2
-3
-3
-2
-2
-2
-3
-2
-2
-2
-2
-2
-2
-2
-2
-2
-2
-2
-2
-2
-2
-2
-2
-3
-2
-2
-2
-2
2
-2
-2
-2
-3
-2
-2
-3
-3
-3
-3
-2
-2
-2
-2
-2
-2
-2
-2
-2
-2
-2
-2
-2
-2
-2
-2
2
2
2
-2
-2
-2
-2
-2
-3
-2
-2
-2
-2
-2
2
2
-2
-2
-2
-2
-2
-2
-2
-2
-2
-2
-2
-3
-3
-3
-2
-3
-3
-3
-3
-3
-3
-3
-3
-3
-3
-2
-2
-2
-2
-2
-2
-2
-2
-2
2
2
3
2
2
2
-2
-2
-2
-2
-2
-2
-2
-2
-2
-2
-2
-3
-3
-3
-2
-3
-3
-2
-2
-2
-2
-3
-3
-2
-2
-2
-2
-2
-2
-2
-2
2
2
2
2
2
2
2
2
2
2
2
2
2
2
2
-2
-2
-2
-2
-2
-2
-2
-2
-2
-2
-2
-2
-2
-2
-2
-2
-2
-2
-2
-2
-2
-2
-2
-2
2
2
-2
-2
-2
-2
-2
-2
-2
-2
-2
-2
-2
-2
-2
-2
-2
-2
-2
-2
-2
-2
-3
-2
2
2
2
-2
-2
-2
-2
-2
-3
-2
-2
-2
-2
-2
-2
-2
-2
-2
-2
-2
2
2
2
2
2
-2
-2
-2
-2
-2
-2
-2
-3
-3
-2
-3
-2
-2
-3
-3
-2
-2
-2
-2
-2
-3
-2
-2
-2
-2
-2
-2
-2
-2
-2
-2
-2
-2
-3
-3
-2
-2
-3
-2
-2
-2
-2
2
2
2
2
2
2
2
3
2
2
2
2
2
-2
-2
-2
-2
-2
-2
-2
-2
-2
-2
-2
-2
-2
-2
-3
-3
-3
-3
-3
-4
-4
-3
-3
-3
-3
-2
-2
-2
-2
-2
2
2
2
3
2
2
2
2
2
2
-2
-2
-2
-2
-2
-2
-2
-2
-2
-2
-2
-2
-2
-2
-2
-2
-3
-2
-2
-3
-3
-3
-2
-3
-2
-2
-2
-2
-2
-2
-2
-2
-2
2
2
2
2
2
2
2
2
2
2
-2
-2
-2
-2
-2
-3
-3
-3
-3
-3
-3
-3
-3
-3
-3
-2
-2
-2
-2
-3
-3
-3
-2
-2
-2
-2
-2
2
2
-2
-2
-3
-2
-3
-2
-2
-2
-2
-2
-2
-2
-2
-2
-2
-2
-2
-2
-2
-2
-2
-2
-2
-2
-2
-2
-2
-3
-2
-2
-3
-2
-2
-2
-2
-2
-2
-2
-2
-2
-3
-2
-2
-3
-2
-2
2
2
2
2
3
3
3
2
2
2
2
-2
-2
-3
-2
-2
-2
-2
-2
-2
-3
-3
-3
-3
-3
-3
-3
-4
-4
-3
-2
-3
-3
-3
-3
-4
-3
-3
-3
-3
-2
-3
-2
-2
2
2
2
2
2
2
2
2
2
2
3
2
-2
-2
-2
-2
-2
-3
-2
-2
-2
-3
-3
-2
-3
-3
-3
-3
-2
-2
-2
-2
-2
-2
-2
-2
-2
-2
-2
-2
-2
-2
-2
-2
-2
-2
-2
2
2
2
3
2
2
2
2
2
2
2
-2
-2
-2
-2
-3
-2
-3
-2
-2
-2
-3
-3
-3
-3
-3
-2
-2
-2
-2
-2
-2
-2
-2
-2
-2
-2
-2
-2
-2
-2
-2
-2
-2
-2
-2
2
2
2
-2
-3
-2
-3
-3
-3
-3
-3
-3
-3
-3
-3
-2
-2
-2
-2
-2
-2
-2
-2
-2
-2
-2
-2
-2
-2
-2
-2
-2
-2
2
-2
-2
-2
-2
-2
-2
-2
-2
-2
-2
-2
-2
-2
-2
-2
-2
-2
-2
-2
-2
-2
-2
-2
-2
-3
-2
-2
-2
-2
-2
-2
2
2
2
2
2
-2
-2
-2
-2
-2
-2
-2
-2
-2
-2
-2
-2
-3
-2
-3
-3
-3
-4
-4
-3
-3
-3
-2
-2
-2
2
2
2
2
2
2
2
2
2
2
-2
-2
-2
-2
-2
-2
-2
-2
-2
-2
-2
-2
-2
-2
-2
-2
-2
-2
-2
-2
-2
-2
-2
-2
-2
-2
-2
-2
-2
-2
-2
-2
-2
-2
-2
-2
-2
-2
-2
-2
-2
-2
2
2
2
2
2
-2
-2
-2
-2
-2
-2
-2
-2
-2
-2
-2
-2
-2
-2
-2
-2
-2
-2
-2
-2
-2
-2
-2
-2
-2
-2
-2
-2
2
-2
-2
-2
-2
-2
-2
-2
-2
-2
-2
-2
-2
-2
-2
-2
-2
-2
-2
-2
-3
-3
-3
-2
-3
-3
-3
-3
-2
-2
-2
2
2
2
2
2
2
-2
2
2
2
-2
-2
-2
-2
-2
-2
-3
-2
-2
-2
-2
-2
-2
-2
-2
-2
-2
-2
-2
-2
-2
-2
-2
-3
-3
-3
-3
-2
-3
-2
-2
-2
-2
-2
-2
-2
-2
-2
-2
-2
-2
-2
-2
-2
2
2
2
2
2
3
2
2
2
2
2
2
2
-2
-2
-2
-2
-2
-2
-2
-2
-3
-3
-3
-4
-3
-4
-3
-3
-3
-3
-3
-3
-2
-2
-2
-2
-2
-2
-2
-2
-2
-2
-2
2
2
2
2
2
2
2
2
2
2
2
-2
-2
-2
-2
-2
-2
-2
-2
-2
-2
-2
-2
-2
-2
-2
-2
-2
-2
-2
-2
-2
-2
-2
-2
-2
-2
-2
2
-2
-2
-2
-2
-3
-3
-3
-3
-4
-4
-3
-2
-2
-3
-2
-2
-2
-2
-2
-2
-2
-2
-2
-2
-2
-2
-2
-2
-2
-2
-2
-2
-2
2
2
2
2
-2
-2
-2
-2
-2
-2
-2
-2
-2
-2
-2
-2
-2
-3
-2
-2
-2
-2
-2
-2
-2
-2
-2
-2
-2
-2
-2
-2
-2
-2
-2
2
2
-2
-2
-2
-2
-2
-2
-2
-2
-2
-2
-2
-2
-2
-2
-2
-2
-2
-3
-3
-2
-3
-3
-2
-2
-2
-2
-2
2
2
-2
-2
-2
-2
-2
-2
-2
-2
-2
-2
-2
-2
-2
-2
-2
-2
-2
-2
-2
-2
-2
-2
-3
-3
-2
-2
2
2
2
2
2
-2
-2
-2
-2
-2
-3
-2
-2
-2
-2
-2
-2
-2
-2
-3
-3
-3
-3
-3
-2
-2
-2
-2
-2
-2
-2
-2
-2
-2
-2
-2
-2
-2
-2
-2
-2
-2
-2
-2
-2
-2
-2
-2
-2
-2
-2
-2
-2
2
2
-2
-2
-2
-2
-2
-2
-3
-2
-2
-2
-2
-2
-2
-2
-2
-2
-2
-2
-2
-2
-2
2
2
2
2
2
2
-2
-2
-2
-2
-2
-3
-3
-3
-3
-3
-2
-3
-2
-2
-2
-2
-2
-2
-2
-2
-2
-2
2
-2
-2
-2
-3
-2
-3
-3
-3
-4
-3
-4
-4
-4
-3
-3
-2
-2
-2
-2
-2
2
-2
-2
-2
-2
-2
2
2
2
2
2
2
-2
-2
-2
-2
-2
-2
-3
-3
-2
-2
-3
-2
-2
-2
-2
-2
-2
-2
-2
-2
-2
-2
-2
-2
-2
-2
-2
-2
-2
-2
2
-2
-2
-2
-2
-2
-2
-2
-2
-2
-2
-2
-2
-2
-2
-2
-2
-2
-2
-2
-2
-2
-2
-2
2
2
2
2
-2
-2
-2
-2
-2
-3
-2
-2
-2
-2
-3
-2
-2
-2
-2
-2
-2
-2
-2
-2
-2
-2
-2
-2
-2
-2
-2
-2
-3
-3
-3
-3
-3
-3
-2
-2
-2
-2
-2
2
2
2
2
3
3
2
2
2
2
2
2
-2
-2
-2
-2
-3
-3
-3
-3
-2
-3
-2
-2
-2
-3
-3
-3
-2
-3
-3
-2
-2
-2
-2
-2
-2
-2
-2
2
2
2
-2
-2
-2
-2
-2
-2
-2
-2
-2
-2
-2
-2
-2
-2
-2
-3
-3
-3
-2
-3
-2
-2
-2
-2
-2
-2
-2
-2
-2
-2
-2
-2
-2
2
2
2
2
2
2
-2
-2
-2
-2
-2
-2
-2
-2
-3
-3
-3
-3
-2
-2
-2
-3
-3
-3
-3
-4
-4
-4
-4
-4
-4
-4
-4
-4
-3
-3
-2
-2
-2
2
2
-2
-2
-2
-2
-2
-2
-2
-2
-2
-2
-2
-2
-2
-2
-2
-2
-2
-2
-2
-2
-3
-2
-3
-2
-2
-2
-2
-2
-2
-2
-2
-2
2
2
2
2
2
2
2
3
2
2
2
2
-2
-2
-3
-3
-2
-3
-3
-2
-2
-3
-2
-2
-2
-2
-2
-3
-2
-2
-3
-2
-2
-2
-2
-2
-2
-2
-2
2
2
2
2
2
-2
-3
-3
-3
-2
-2
-2
-2
-2
-2
-2
-2
-2
-2
-2
-2
-2
-2
-2
-2
-2
-2
-2
-2
-2
-2
2
2
2
-2
-2
-2
-2
-2
2
-2
-2
-2
-2
-2
-2
-2
-3
-3
-2
-3
-3
-3
-2
-2
-2
-3
-3
-2
-2
-2
-2
-2
-2
-2
2
2
2
2
-3
-2
-2
-2
-2
-2
-2
-2
-2
-2
-2
-2
-2
-2
-2
-3
-3
-3
-3
-3
-2
-2
-2
-2
-2
-3
-3
-2
-2
-2
-2
-2
-2
2
2
2
2
-2
-2
-2
-2
-3
-2
-3
-3
-3
-3
-3
-4
-4
-4
-4
-4
-4
-3
-3
-3
-2
-3
-3
-3
-2
-2
-2
2
2
3
2
2
3
2
2
2
2
2
2
2
2
2
2
-2
-2
-2
-2
-2
-2
-2
-2
-3
-2
-2
-2
-2
-2
-2
-2
-2
-2
-2
-3
-2
-2
-2
-2
-2
-2
-2
-2
-2
3
2
3
2
2
2
4
3
3
4
3
3
3
3
2
2
-2
-2
-3
-2
-2
-3
-3
-2
-3
-2
-2
-2
-2
-2
-2
-2
-2
-2
-2
-3
-2
-2
-3
-2
-2
-3
-2
-2
-2
-2
-2
-2
-2
-2
-2
-3
-3
-4
-4
-3
-2
-2
-3
-2
-3
-2
-2
2
2
2
2
2
2
2
3
3
3
3
4
4
3
2
3
2
2
2
2
2
2
2
2
-2
-2
-2
-2
-3
-2
-2
-4
-3
-3
-3
-4
-3
-3
-3
-4
-3
-3
-2
-2
-3
-2
-2
-2
-2
-2
-2
-2
-2
-3
-3
-3
-3
-2
-2
-2
-3
-2
-2
-2
-2
-2
-2
-2
2
2
2
2
2
-2
-2
-2
-2
-3
-4
-4
-4
-4
-4
-3
-3
-4
-4
-4
-4
-4
-4
-5
-4
-4
-5
-4
-4
-4
-3
-3
-3
-4
-3
-4
-5
-4
-4
-4
-3
-4
-3
-4
-2
-2
-3
-2
2
2
2
3
2
3
4
6
5
8
7
8
8
7
9
8
9
8
8
8
7
6
4
5
4
5
5
3
5
3
6
6
5
4
5
8
6
8
6
5
7
6
8
4
6
6
6
9
6
4
2
4
6
6
8
8
12
17
23
25
23
23
27
34
33
33
29
26
27
24
17
4
-5
-12
-20
-27
-38
-49
-63
-71
-76
-88
-98
-112
-121
-117
-119
-123
-128
-135
-129
-123
-122
-122
-127
-124
-110
-103
-99
-100
-97
-83
-75
-70
-66
-63
-50
-36
-25
-20
-17
-3
13
24
31
38
52
70
89
100
108
122
140
157
170
175
185
200
214
226
225
228
238
240
243
239
227
217
211
205
192
173
154
136
119
102
81
57
37
19
4
-12
-37
-62
-81
-95
-113
-129
-141
-153
-161
-161
-162
-169
-171
-162
-152
-134
-105
-79
-46
-2
37
58
95
134
140
156
201
221
206
220
247
210
166
175
155
78
45
54
6
-69
-84
-102
-177
-235
-249
-289
-350
-366
-369
-403
-421
-418
-435
-450
-444
-443
-454
-433
-393
-393
-391
-344
-322
-343
-329
-277
-262
-263
-200
-128
-111
-85
-16
29
36
80
151
194
231
297
356
384
413
450
471
486
512
534
554
578
594
598
601
599
580
563
557
540
512
496
476
434
389
349
297
239
196
153
99
54
12
-44
-103
-152
-205
-264
-307
-338
-378
-413
-436
-461
-493
-514
-523
-535
-541
-533
-519
-512
-500
-482
-468
-454
-432
-406
-382
-352
-317
-287
-258
-226
-196
-169
-138
-100
-67
-33
5
39
69
99
127
150
178
205
226
247
269
282
292
308
319
325
334
350
359
367
382
400
411
420
440
455
460
470
486
483
468
470
464
428
397
382
336
266
230
191
105
30
-3
-71
-171
-225
-267
-358
-437
-464
-513
-593
-629
-637
-681
-719
-713
-716
-741
-731
-700
-692
-681
-641
-608
-590
-545
-494
-466
-432
-368
-309
-267
-208
-138
-91
-36
50
123
160
210
287
349
392
445
490
514
546
593
619
617
622
637
648
650
640
620
602
597
584
557
525
491
459
437
411
360
303
267
234
183
127
73
13
-39
-78
-129
-198
-252
-290
-330
-371
-409
-452
-488
-499
-507
-535
-557
-555
-552
-551
-534
-520
-520
-500
-453
-420
-408
-382
-338
-301
-265
-224
-193
-165
-128
-79
-45
-14
13
46
88
121
151
170
202
223
243
267
284
301
310
340
357
377
394
420
458
473
491
507
548
556
549
561
566
544
508
515
483
406
357
341
278
173
129
77
-23
-107
-145
-222
-341
-395
-433
-515
-594
-624
-663
-721
-734
-738
-770
-792
-770
-754
-757
-736
-708
-691
-665
-610
-565
-540
-497
-433
-368
-312
-250
-182
-120
-56
26
108
160
210
283
358
413
464
516
554
590
637
676
686
692
712
727
734
730
714
698
691
681
653
621
586
549
517
484
430
365
318
270
211
148
87
19
-42
-91
-150
-220
-279
-328
-380
-429
-471
-517
-559
-583
-603
-632
-654
-661
-663
-661
-649
-638
-625
-599
-563
-531
-500
-464
-423
-379
-329
-284
-247
-201
-143
-92
-52
-5
44
85
133
183
219
245
286
328
349
368
393
410
415
430
447
442
447
458
469
468
471
486
489
502
503
507
515
514
508
486
488
458
418
396
358
296
223
199
130
33
-24
-82
-170
-265
-297
-373
-478
-525
-557
-621
-695
-704
-735
-788
-793
-784
-796
-818
-789
-762
-751
-722
-685
-645
-613
-553
-491
-441
-391
-332
-248
-183
-121
-54
13
77
145
236
288
325
385
458
510
541
597
621
640
680
717
717
699
719
719
709
699
677
646
615
609
569
521
479
435
398
354
309
242
189
144
88
34
-29
-90
-150
-191
-240
-305
-355
-402
-442
-478
-507
-545
-582
-589
-597
-609
-619
-621
-620
-608
-580
-564
-550
-526
-487
-451
-419
-382
-352
-310
-260
-211
-170
-134
-82
-37
13
58
95
137
178
235
270
298
328
360
391
408
433
440
442
462
478
485
469
475
484
484
501
504
501
482
500
520
489
467
450
437
400
386
364
284
227
197
162
78
6
-40
-121
-181
-226
-282
-382
-464
-494
-557
-625
-684
-725
-774
-808
-799
-822
-853
-865
-840
-819
-811
-779
-751
-710
-656
-587
-529
-491
-430
-361
-279
-211
-147
-71
4
92
174
249
303
354
421
483
540
583
628
666
702
737
752
759
759
765
768
766
755
734
720
699
663
621
582
541
492
453
409
351
290
240
188
117
50
-8
-63
-122
-175
-226
-290
-348
-391
-433
-482
-529
-559
-583
-605
-622
-636
-648
-658
-651
-639
-629
-614
-589
-553
-521
-484
-447
-408
-368
-322
-274
-228
-181
-133
-86
-39
10
53
92
135
176
216
256
298
331
350
375
400
417
423
429
427
418
426
441
434
412
406
418
422
429
441
434
420
433
459
440
400
383
369
336
310
288
224
149
118
89
11
-75
-123
-180
-253
-299
-344
-426
-503
-532
-565
-630
-684
-710
-737
-760
-764
-766
-783
-786
-764
-734
-714
-696
-660
-605
-549
-499
-443
-385
-328
-257
-173
-101
-44
33
130
206
267
330
392
448
513
575
613
642
682
723
748
759
760
756
762
766
754
727
701
677
648
617
571
509
457
422
380
319
259
204
151
101
52
-10
-78
-131
-172
-220
-276
-332
-384
-429
-468
-505
-546
-585
-610
-623
-635
-650
-661
-663
-654
-641
-625
-607
-584
-555
-517
-478
-444
-407
-360
-308
-262
-215
-166
-117
-70
-23
20
60
103
153
198
236
272
311
348
379
401
421
442
462
475
482
484
484
485
490
487
477
472
483
492
486
480
483
484
475
469
456
426
395
379
352
295
234
187
134
67
3
-59
-135
-209
-263
-316
-395
-474
-528
-574
-630
-686
-728
-766
-798
-809
-813
-830
-846
-837
-806
-780
-764
-733
-683
-629
-571
-508
-450
-398
-330
-243
-164
-106
-42
42
131
206
267
326
391
460
532
596
638
672
721
774
804
803
799
809
814
802
782
750
709
674
648
608
540
471
428
390
334
271
217
163
106
58
11
-53
-120
-167
-198
-244
-304
-354
-391
-432
-476
-513
-550
-590
-618
-624
-634
-654
-667
-659
-645
-635
-621
-600
-574
-543
-501
-456
-419
-385
-339
-285
-239
-200
-158
-108
-56
-5
43
87
130
175
224
267
300
331
367
404
433
451
465
478
491
501
502
495
487
485
484
478
468
461
458
463
464
456
447
443
440
427
407
387
360
329
298
265
214
157
106
55
-10
-79
-143
-207
-276
-340
-400
-466
-535
-592
-637
-688
-736
-770
-792
-811
-824
-825
-820
-813
-796
-770
-741
-713
-673
-621
-571
-524
-472
-408
-344
-280
-211
-140
-69
8
94
174
243
313
388
461
523
578
628
671
710
747
773
784
788
794
794
785
765
740
714
686
655
617
571
519
472
426
376
317
256
202
148
95
37
-24
-83
-138
-188
-239
-293
-345
-390
-430
-469
-506
-542
-572
-593
-606
-617
-630
-636
-631
-617
-603
-589
-573
-549
-516
-480
-444
-409
-372
-328
-281
-236
-196
-154
-108
-61
-13
32
75
119
167
213
255
292
328
364
398
425
446
460
474
485
490
486
477
468
462
455
444
434
425
422
421
418
410
400
392
385
374
355
336
315
292
265
232
189
141
92
40
-18
-78
-136
-193
-248
-306
-363
-422
-480
-535
-587
-637
-682
-719
-746
-766
-779
-785
-786
-783
-774
-761
-741
-716
-684
-642
-592
-541
-487
-431
-375
-318
-257
-193
-125
-52
28
111
192
269
339
402
462
520
574
626
674
721
763
798
819
828
825
817
802
780
755
728
702
674
640
597
544
487
427
364
298
231
166
108
55
3
-56
-121
-188
-250
-307
-363
-419
-470
-509
-536
-556
-578
-601
-622
-636
-643
-648
-650
-649
-639
-620
-598
-573
-547
-514
-475
-435
-395
-351
-301
-244
-188
-138
-90
-40
15
73
125
166
202
241
291
340
380
407
429
458
490
514
520
509
497
491
491
487
467
448
439
448
458
454
441
434
441
441
419
373
338
330
326
302
245
193
176
162
121
25
-84
-163
-204
-221
-278
-370
-451
-470
-448
-471
-559
-671
-749
-762
-728
-725
-787
-846
-853
-782
-703
-676
-739
-785
-737
-636
-549
-516
-513
-420
-325
-175
-119
-138
-140
-14
87
324
580
572
488
395
447
695
529
299
242
444
834
904
680
557
618
727
831
783
505
385
579
1187
1789
1478
1056
861
992
1173
793
244
96
223
373
111
-448
-707
-605
-549
-757
-1174
-1352
-1017
-930
-1081
-1207
-1261
-1290
-1297
-1291
-1242
-1276
-1244
-1024
-903
-953
-844
-666
-517
-483
-647
-498
-249
-276
-362
-234
138
257
35
96
407
541
498
496
616
696
736
770
1003
1093
1083
1165
1216
1416
1383
1277
1311
1258
1213
1162
1066
1038
916
1035
1189
1386
1427
1306
1358
1557
1727
1431
927
846
975
713
157
-214
-273
-479
-891
-1354
-1551
-1772
-2210
-2659
-2791
-2705
-2822
-3154
-3160
-2894
-2745
-2671
-2640
-2537
-2259
-1937
-1738
-1566
-1281
-832
-596
-396
-40
256
346
407
566
788
890
857
796
900
1090
1134
1047
1030
1165
1196
1186
1302
1371
1423
1533
1562
1524
1453
1465
1432
1265
1195
1277
1297
1229
1167
1168
1193
1157
1005
866
812
738
568
353
269
160
-85
-279
-451
-599
-790
-996
-1110
-1240
-1264
-1309
-1447
-1431
-1367
-1327
-1397
-1430
-1317
-1291
-1255
-1212
-1152
-1018
-959
-840
-768
-670
-527
-566
-522
-436
-394
-355
-373
-286
-214
-174
-81
-76
-5
40
118
231
310
473
509
539
700
746
808
771
894
857
1060
1129
1227
1370
1204
1409
1345
1421
1347
1120
1043
924
866
827
687
818
1094
1269
1456
1516
1775
2047
1769
1434
1256
1186
814
203
-123
-328
-634
-1012
-1427
-1827
-2070
-2433
-2925
-3301
-3387
-3519
-3767
-3755
-3480
-3264
-3087
-2814
-2609
-2312
-1878
-1644
-1515
-1156
-643
-311
-92
313
676
870
1069
1198
1217
1273
1292
1165
1061
1143
1153
1015
909
923
936
821
688
592
561
587
736
1010
1508
1743
1992
2477
2662
2765
2508
2259
2200
1942
1788
1480
1349
1412
1202
1099
894
594
306
-132
-479
-830
-1137
-1367
-1655
-1751
-1751
-1806
-1960
-2044
-2165
-2250
-2200
-2151
-2078
-1945
-1730
-1460
-1213
-894
-691
-559
-441
-378
-244
-223
-176
-221
-234
-109
-86
-104
-162
-271
-358
-503
-531
-646
-765
-698
-566
-366
-195
-20
216
398
608
772
647
742
712
794
975
931
1146
1282
1505
1662
1768
1819
1932
1855
1691
1535
1228
1142
866
803
880
1088
1574
1796
2138
2757
2856
2542
2400
2149
1680
902
412
36
-565
-674
-1036
-1524
-1742
-2021
-2525
-3219
-3560
-3872
-4448
-4632
-4538
-4494
-4216
-3762
-3382
-3000
-2444
-2027
-1932
-1682
-1235
-985
-773
-329
48
429
905
1234
1416
1515
1635
1493
1190
1051
847
635
479
420
464
520
556
542
533
557
483
399
332
372
529
1075
2190
2461
3009
3591
3815
4295
3756
3408
2894
2378
2338
1503
1376
1275
909
1017
615
355
7
-742
-1221
-1756
-2146
-2465
-2915
-2919
-2690
-2530
-2252
-2188
-2094
-1785
-1740
-1726
-1795
-1689
-1436
-1319
-914
-566
-311
46
219
309
297
193
-60
-398
-510
-607
-783
-836
-809
-685
-614
-527
-580
-734
-598
-664
-721
-673
-564
-260
-33
360
664
853
1159
1310
1446
1461
1497
1450
1440
1639
1673
1722
1703
1934
1987
1952
1804
1507
1361
1139
1007
994
1229
1529
1812
2476
2795
2949
2998
2889
2439
1662
1083
202
-685
-1202
-1672
-2159
-2471
-2498
-2758
-3066
-3164
-3493
-4006
-4342
-4490
-4788
-4846
-4531
-4204
-3714
-2977
-2216
-1696
-1126
-560
-334
-146
44
119
154
308
538
715
1003
1283
1461
1554
1557
1396
1112
814
453
159
-49
-206
-203
-53
171
415
729
970
1102
1282
1384
1371
1698
2418
2834
3212
3731
4079
4399
4387
4088
3526
2940
2512
1595
861
437
-70
-401
-672
-867
-1071
-1305
-1525
-1916
-2277
-2495
-2854
-3130
-3074
-2975
-2829
-2562
-2130
-1647
-1234
-896
-748
-641
-421
-373
-437
-421
-361
-249
-147
-13
63
74
68
-90
-328
-516
-800
-1098
-1318
-1442
-1448
-1393
-1230
-1047
-811
-539
-343
-155
68
207
387
509
631
915
1076
1375
1532
1735
1986
1962
2196
1998
2012
1786
1552
1442
1033
1100
658
572
384
261
281
41
211
177
532
858
1090
1633
2206
2523
2659
2922
2892
2594
2148
1693
908
238
-213
-1023
-1636
-1918
-2261
-2763
-3059
-3168
-3528
-3911
-4034
-4312
-4546
-4434
-4362
-4256
-3833
-3180
-2658
-2112
-1345
-724
-278
237
586
769
997
1119
1131
1167
1300
1359
1341
1427
1420
1363
1272
1061
794
559
277
-50
-246
-387
-459
-415
-225
-55
236
664
1100
1738
2401
2967
3224
3553
3818
3749
3634
3279
2876
2465
2088
1648
1114
842
552
118
-211
-488
-855
-1202
-1576
-1982
-2310
-2481
-2593
-2816
-2806
-2629
-2519
-2244
-1908
-1627
-1377
-1099
-808
-631
-424
-261
-248
-131
37
98
101
111
128
59
-21
-130
-371
-520
-693
-916
-1065
-1170
-1174
-1225
-1184
-1074
-921
-714
-500
-320
-93
188
368
620
812
1061
1281
1380
1531
1622
1691
1711
1675
1630
1588
1490
1441
1316
1230
1111
986
824
742
648
509
614
746
1076
1301
1765
2317
2483
2838
2933
2876
2516
2056
1489
556
-132
-804
-1608
-2242
-2581
-2943
-3283
-3379
-3441
-3613
-3787
-3756
-3963
-4098
-4001
-3970
-3846
-3528
-2993
-2507
-1920
-1161
-552
-55
486
867
1031
1183
1238
1146
1030
990
892
783
801
808
799
816
786
715
604
460
279
69
-91
-179
-201
-126
60
298
683
1057
2066
2860
3055
3654
3869
4288
4139
3682
3434
2667
2364
1741
970
800
451
68
-285
-603
-553
-872
-1379
-1590
-2056
-2148
-2332
-2731
-2754
-2710
-2447
-2294
-2112
-1590
-1271
-1039
-735
-600
-392
-280
-314
-232
-205
-43
-55
-90
74
148
112
-15
-124
-258
-424
-728
-947
-1166
-1272
-1297
-1397
-1187
-993
-739
-536
-305
88
351
570
680
802
993
1110
1138
1123
1188
1211
1242
1201
1186
1256
1139
1124
967
914
973
683
578
249
169
147
-106
46
195
730
1161
1675
2575
3106
3591
3900
3986
3755
3314
2691
1667
651
-165
-1094
-2110
-2681
-3070
-3494
-3734
-3770
-3818
-3946
-3881
-3985
-4208
-4175
-4098
-4142
-4030
-3536
-3042
-2535
-1726
-885
-177
555
1219
1583
1860
2105
2012
1736
1518
1273
913
633
499
327
247
248
205
181
183
131
-35
-161
-225
-305
-353
-320
-185
71
456
857
1336
1950
2726
3544
4075
4582
4883
5000
4913
4411
3892
3085
2209
1371
454
-216
-868
-1446
-1845
-2165
-2255
-2350
-2565
-2610
-2693
-2765
-2785
-2830
-2724
-2627
-2437
-2133
-1834
-1359
-899
-567
-212
94
333
455
442
422
255
84
-38
-237
-365
-463
-578
-685
-747
-751
-831
-961
-1005
-1068
-1134
-1099
-1079
-986
-819
-585
-284
11
432
771
998
1302
1513
1692
1787
1772
1747
1626
1582
1478
1262
1175
1019
924
852
761
637
497
333
133
48
-89
-43
-2
350
770
1268
2190
2743
3341
3838
4175
4221
3831
3451
2555
1465
527
-583
-1700
-2573
-3232
-3848
-4252
-4255
-4278
-4388
-4208
-4058
-4087
-3993
-3819
-3790
-3733
-3435
-3129
-2771
-2122
-1388
-787
-88
729
1325
1767
2174
2307
2209
2036
1757
1321
863
502
68
-252
-415
-526
-562
-554
-465
-390
-294
-205
-166
-121
-41
83
226
470
776
1349
2070
2606
3360
4008
4531
4914
4918
4916
4474
3876
3250
2261
1504
703
-149
-739
-1308
-1596
-1908
-2152
-2139
-2273
-2328
-2327
-2392
-2396
-2380
-2354
-2300
-2131
-1841
-1567
-1295
-889
-471
-187
118
327
436
487
423
302
105
-63
-267
-565
-729
-858
-1004
-1158
-1252
-1295
-1370
-1354
-1346
-1333
-1244
-1130
-957
-802
-506
-232
-3
336
650
942
1142
1413
1604
1750
1804
1867
1873
1783
1746
1574
1443
1258
1039
901
585
449
133
-7
-149
-216
-208
-88
354
702
1243
1929
2672
3191
3666
4088
4158
3890
3555
2889
1942
950
14
-1097
-2089
-2795
-3443
-4006
-4229
-4282
-4421
-4370
-4157
-4053
-4005
-3782
-3618
-3551
-3308
-2968
-2714
-2294
-1668
-1090
-583
147
778
1247
1618
1964
2048
1940
1842
1537
1126
730
399
-33
-346
-530
-674
-771
-735
-607
-505
-344
-162
-2
145
317
546
726
987
1260
1664
2347
2854
3389
3835
4285
4736
4745
4643
4299
3719
3142
2269
1458
617
-254
-902
-1538
-1935
-2200
-2408
-2514
-2520
-2456
-2339
-2259
-2170
-2051
-1973
-1830
-1634
-1438
-1202
-982
-727
-428
-148
69
209
273
318
255
111
-41
-292
-540
-813
-991
-1142
-1274
-1369
-1452
-1449
-1364
-1286
-1239
-1178
-1041
-883
-734
-534
-308
-64
191
501
814
1121
1388
1570
1737
1874
1901
1873
1711
1584
1384
1147
975
707
554
389
209
145
44
-3
-79
-163
-157
-167
-100
-12
181
518
915
1319
1943
2627
3101
3509
3832
4016
3849
3472
2941
2049
1105
144
-940
-2002
-2905
-3637
-4315
-4677
-4784
-4848
-4794
-4502
-4159
-3886
-3486
-3103
-2798
-2462
-2053
-1697
-1357
-874
-431
-67
409
931
1299
1580
1851
1996
1960
1845
1657
1284
869
464
14
-408
-729
-987
-1223
-1309
-1241
-1089
-903
-641
-317
27
436
849
1250
1615
2106
2532
3171
3516
3751
4051
4081
4277
3905
3531
3121
2403
1953
1136
458
-148
-873
-1235
-1724
-1966
-2154
-2318
-2356
-2341
-2245
-2125
-1967
-1852
-1679
-1482
-1277
-1022
-862
-670
-462
-284
-37
90
180
236
261
256
157
41
-114
-331
-522
-749
-883
-1095
-1258
-1405
-1522
-1483
-1497
-1440
-1361
-1201
-939
-685
-419
-134
166
447
749
974
1214
1391
1478
1619
1593
1635
1551
1406
1294
1108
1000
803
660
464
297
145
-25
-113
-316
-340
-376
-332
-159
-6
439
803
1273
1885
2505
3090
3477
3795
3939
3823
3521
3003
2179
1247
323
-693
-1705
-2637
-3379
-4023
-4437
-4606
-4701
-4628
-4381
-4047
-3767
-3366
-2935
-2582
-2244
-1880
-1518
-1198
-787
-412
-110
280
698
1032
1267
1503
1650
1657
1585
1434
1157
802
450
53
-342
-675
-915
-1126
-1263
-1230
-1126
-958
-683
-365
-22
361
853
1405
1771
2197
2699
3087
3487
3644
3788
3833
3705
3597
3186
2790
2328
1725
1202
597
75
-486
-984
-1346
-1691
-1925
-2104
-2185
-2247
-2213
-2079
-1944
-1750
-1557
-1335
-1077
-810
-537
-376
-224
-40
68
127
137
124
61
-42
-128
-246
-382
-534
-702
-841
-953
-1058
-1186
-1298
-1340
-1358
-1360
-1310
-1239
-1100
-922
-692
-423
-161
137
410
672
906
1094
1222
1304
1358
1340
1295
1234
1143
1036
899
794
676
533
469
346
232
141
33
-20
-148
-187
-261
-321
-225
-167
246
665
1096
1494
2143
2709
3166
3505
3745
3817
3551
3229
2612
1728
827
-132
-1128
-2172
-3010
-3710
-4323
-4617
-4750
-4762
-4579
-4179
-3754
-3356
-2800
-2255
-1835
-1424
-993
-649
-366
-44
212
386
647
900
1006
1104
1252
1305
1220
1133
996
723
432
156
-170
-544
-809
-1019
-1222
-1313
-1253
-1139
-970
-629
-242
333
815
1360
1988
2409
3022
3290
3553
3758
3608
3622
3272
2968
2576
1987
1592
993
537
84
-339
-701
-1071
-1277
-1487
-1611
-1738
-1817
-1802
-1789
-1675
-1589
-1469
-1266
-1097
-881
-665
-463
-251
-111
27
146
204
244
177
111
30
-98
-249
-437
-600
-765
-930
-1051
-1188
-1292
-1341
-1354
-1326
-1281
-1177
-1037
-866
-635
-402
-173
78
320
544
730
915
1051
1120
1190
1249
1250
1241
1176
1108
997
880
759
595
423
269
72
-56
-182
-308
-366
-447
-383
-297
-161
88
380
820
1245
1679
2280
2762
3174
3417
3605
3626
3367
2989
2382
1578
743
-152
-1088
-2061
-2864
-3517
-4075
-4378
-4547
-4564
-4401
-4040
-3629
-3206
-2666
-2112
-1662
-1202
-757
-379
-104
162
375
523
691
817
839
856
899
879
777
663
542
341
138
-45
-280
-538
-721
-879
-1012
-1082
-1025
-934
-758
-427
5
464
917
1506
2005
2501
2940
3210
3434
3466
3501
3332
2987
2688
2216
1791
1278
795
346
-111
-412
-774
-1036
-1233
-1369
-1477
-1579
-1557
-1546
-1503
-1413
-1331
-1200
-1052
-886
-751
-623
-450
-309
-210
-95
-31
6
26
23
-17
-111
-197
-326
-481
-621
-756
-924
-1078
-1187
-1266
-1315
-1327
-1293
-1221
-1086
-885
-681
-458
-195
77
337
556
773
944
1074
1176
1196
1215
1174
1124
1052
876
810
673
551
431
229
205
68
-4
-84
-222
-145
-188
-122
-43
49
355
600
1001
1336
1702
2248
2620
2953
3120
3237
3241
2949
2597
1985
1261
528
-335
-1212
-2119
-2807
-3398
-3948
-4243
-4398
-4348
-4156
-3835
-3437
-2995
-2386
-1840
-1382
-916
-464
-71
192
422
562
643
731
735
657
575
540
453
310
205
105
-23
-145
-266
-424
-548
-629
-700
-778
-761
-615
-475
-236
81
448
882
1310
1763
2114
2447
2774
2928
2999
2978
2880
2678
2385
2088
1701
1302
933
547
180
-141
-399
-659
-883
-1014
-1123
-1211
-1252
-1256
-1249
-1195
-1095
-1022
-939
-808
-664
-551
-438
-312
-229
-155
-81
-53
-66
-81
-113
-204
-295
-374
-492
-628
-744
-846
-954
-1037
-1091
-1151
-1172
-1129
-1066
-993
-876
-715
-537
-344
-127
83
268
474
657
799
922
997
1065
1073
1070
1061
960
896
770
661
543
373
285
108
29
-35
-88
-32
-37
116
254
468
777
1002
1350
1603
1949
2258
2418
2571
2546
2526
2333
1995
1580
972
400
-254
-921
-1597
-2257
-2739
-3187
-3480
-3659
-3725
-3633
-3450
-3135
-2782
-2367
-1896
-1470
-1034
-625
-242
52
262
435
533
598
603
535
425
321
235
115
-26
-152
-267
-361
-420
-482
-536
-546
-507
-401
-291
-89
125
361
669
952
1269
1508
1742
1941
2057
2200
2214
2189
2110
2000
1897
1680
1504
1263
1028
816
581
370
125
-60
-240
-420
-548
-677
-774
-863
-914
-931
-944
-903
-869
-825
-750
-663
-572
-513
-448
-379
-334
-284
-271
-269
-286
-303
-333
-406
-470
-553
-636
-715
-794
-852
-927
-954
-966
-954
-899
-843
-741
-629
-472
-296
-135
47
212
376
536
657
759
819
865
896
875
842
774
678
596
478
376
259
141
86
17
24
44
89
208
329
542
765
1000
1269
1495
1791
2041
2222
2339
2335
2309
2151
1879
1496
967
428
-162
-768
-1392
-2019
-2507
-2926
-3229
-3421
-3515
-3446
-3286
-2998
-2644
-2247
-1783
-1334
-889
-473
-101
210
414
564
645
664
630
524
378
223
87
-58
-226
-374
-487
-553
-593
-602
-586
-519
-369
-186
27
248
499
769
1017
1263
1453
1600
1714
1790
1840
1829
1801
1734
1642
1554
1446
1331
1185
1036
886
723
572
398
212
27
-147
-297
-454
-595
-717
-816
-871
-903
-914
-905
-875
-814
-742
-657
-572
-498
-423
-359
-304
-268
-265
-284
-322
-373
-432
-516
-608
-704
-791
-860
-925
-974
-1005
-1010
-978
-930
-847
-734
-607
-449
-294
-118
64
228
394
516
635
741
810
866
867
867
849
799
749
647
561
475
386
324
253
249
274
342
469
622
855
1102
1361
1634
1899
2161
2317
2402
2419
2330
2143
1817
1403
883
310
-262
-889
-1525
-2106
-2563
-2929
-3237
-3403
-3436
-3335
-3131
-2846
-2482
-2081
-1631
-1189
-783
-402
-79
184
357
459
506
490
424
286
122
-30
-183
-340
-502
-622
-689
-714
-687
-643
-540
-363
-158
56
264
509
748
942
1116
1245
1349
1424
1463
1468
1428
1412
1390
1335
1274
1223
1195
1150
1087
1015
927
849
745
608
456
295
139
-34
-207
-363
-504
-620
-723
-801
-836
-843
-825
-799
-746
-659
-570
-482
-407
-339
-277
-241
-228
-250
-287
-332
-397
-473
-555
-625
-690
-751
-800
-836
-844
-835
-814
-775
-716
-625
-527
-416
-296
-161
-18
119
255
368
481
576
647
698
716
740
724
690
651
608
586
547
546
571
633
755
904
1104
1303
1542
1811
2052
2232
2327
2382
2352
2204
1931
1543
1068
525
-47
-657
-1293
-1895
-2398
-2795
-3115
-3327
-3405
-3340
-3164
-2894
-2540
-2139
-1704
-1261
-832
-443
-116
145
321
417
444
411
311
146
-53
-244
-428
-608
-778
-917
-975
-977
-918
-829
-694
-468
-217
69
329
591
872
1098
1309
1439
1536
1615
1631
1638
1571
1521
1474
1395
1337
1246
1202
1144
1069
1011
918
851
753
630
512
363
246
101
-55
-196
-335
-433
-542
-642
-708
-752
-758
-764
-753
-713
-663
-594
-537
-487
-436
-395
-364
-357
-365
-379
-401
-442
-492
-541
-583
-623
-669
-700
-716
-711
-686
-661
-605
-537
-450
-345
-263
-149
-64
40
141
207
303
358
424
494
516
583
585
607
623
613
654
650
694
755
838
995
1130
1303
1481
1651
1864
1964
2042
2023
1948
1822
1552
1214
789
318
-151
-682
-1191
-1692
-2116
-2430
-2704
-2866
-2941
-2883
-2726
-2519
-2228
-1886
-1511
-1125
-775
-427
-132
112
281
363
397
371
291
144
-44
-220
-387
-549
-708
-824
-864
-859
-801
-713
-548
-346
-117
146
392
651
880
1085
1262
1369
1466
1513
1510
1482
1418
1380
1290
1198
1117
1046
995
915
862
813
753
709
635
569
473
372
279
142
17
-117
-240
-361
-492
-570
-643
-695
-722
-738
-703
-684
-639
-587
-552
-486
-456
-418
-404
-417
-395
-431
-458
-503
-559
-576
-644
-672
-702
-730
-702
-709
-653
-600
-534
-418
-349
-222
-123
-20
97
150
244
290
337
379
366
400
397
413
437
452
529
598
713
853
1007
1212
1414
1631
1823
1998
2156
2236
2232
2139
1979
1739
1390
953
462
-52
-567
-1080
-1582
-2030
-2377
-2605
-2755
-2836
-2798
-2639
-2392
-2101
-1780
-1420
-1047
-677
-350
-91
116
275
375
382
319
228
100
-64
-263
-449
-607
-742
-836
-912
-929
-875
-761
-612
-468
-264
-15
234
461
641
835
1006
1146
1250
1282
1309
1322
1333
1317
1247
1209
1173
1143
1097
1030
990
928
871
803
710
621
507
398
271
132
10
-124
-250
-369
-463
-531
-595
-639
-658
-655
-628
-597
-565
-525
-476
-425
-383
-366
-345
-333
-330
-337
-375
-408
-455
-500
-541
-604
-638
-674
-687
-675
-670
-616
-577
-512
-431
-363
-260
-197
-119
-47
11
99
144
209
266
325
413
477
572
657
761
902
1035
1189
1345
1531
1710
1847
1985
2095
2144
2098
1984
1821
1567
1220
812
356
-130
-601
-1050
-1492
-1906
-2209
-2391
-2527
-2603
-2564
-2411
-2199
-1949
-1643
-1314
-986
-654
-343
-92
95
247
343
348
295
214
90
-95
-288
-449
-606
-763
-880
-929
-926
-881
-790
-653
-483
-280
-41
173
360
551
733
890
976
1041
1108
1138
1146
1129
1122
1111
1086
1069
1042
1028
1008
976
938
872
825
756
657
549
422
318
195
53
-75
-199
-287
-375
-457
-507
-532
-519
-509
-480
-430
-370
-296
-251
-201
-157
-133
-117
-149
-183
-227
-292
-366
-461
-538
-607
-670
-723
-759
-763
-750
-711
-669
-606
-507
-420
-329
-242
-150
-50
13
83
155
213
277
348
425
504
609
748
893
1038
1216
1430
1608
1748
1890
1997
2024
1966
1844
1655
1367
1013
626
173
-304
-744
-1159
-1549
-1895
-2134
-2268
-2347
-2341
-2232
-2041
-1799
-1511
-1187
-865
-549
-246
9
202
325
405
419
350
244
91
-85
-273
-469
-637
-790
-892
-946
-965
-917
-841
-720
-568
-406
-219
-64
102
256
375
490
570
652
713
762
830
863
907
961
1015
1061
1079
1123
1151
1146
1132
1092
1045
960
859
745
593
449
298
142
-20
-169
-275
-380
-463
-510
-525
-504
-473
-406
-325
-239
-131
-42
31
83
120
138
96
38
-34
-125
-228
-350
-450
-547
-632
-694
-753
-788
-806
-800
-781
-765
-719
-649
-572
-489
-400
-286
-160
-49
70
189
318
462
597
756
904
1081
1281
1451
1615
1742
1863
1930
1901
1818
1649
1424
1117
737
328
-123
-556
-971
-1364
-1698
-1966
-2122
-2201
-2215
-2135
-1975
-1735
-1467
-1182
-871
-565
-271
-28
164
313
405
450
421
338
223
83
-70
-252
-422
-560
-664
-743
-806
-810
-768
-696
-611
-519
-389
-255
-117
12
123
251
372
499
598
680
783
879
965
1018
1069
1128
1158
1176
1163
1135
1096
1027
944
829
705
580
437
295
149
25
-85
-193
-270
-325
-347
-349
-340
-293
-237
-157
-76
-13
63
116
164
177
154
135
74
17
-77
-179
-267
-383
-461
-574
-660
-723
-801
-821
-874
-861
-831
-795
-702
-639
-498
-372
-232
-71
60
255
407
590
757
918
1125
1285
1462
1582
1690
1776
1783
1747
1607
1428
1180
867
505
86
-322
-730
-1108
-1460
-1762
-1970
-2099
-2140
-2114
-2006
-1818
-1575
-1290
-995
-691
-390
-112
127
303
432
511
533
499
401
277
125
-47
-223
-411
-567
-706
-811
-882
-932
-930
-901
-827
-731
-619
-471
-313
-132
45
224
410
580
750
898
1028
1141
1230
1302
1340
1353
1341
1301
1240
1147
1038
917
784
649
509
377
255
149
52
-30
-94
-140
-157
-176
-163
-147
-107
-46
-4
66
102
156
189
185
182
118
74
-12
-110
-213
-343
-437
-556
-646
-746
-831
-888
-945
-962
-985
-961
-922
-854
-758
-657
-516
-385
-225
-70
90
269
432
622
794
982
1169
1332
1491
1596
1678
1707
1670
1576
1402
1184
905
576
214
-173
-545
-903
-1228
-1503
-1722
-1856
-1908
-1885
-1787
-1630
-1405
-1139
-857
-565
-290
-33
187
361
489
548
558
520
433
307
141
-36
-228
-423
-596
-756
-887
-989
-1042
-1045
-1019
-950
-842
-703
-537
-351
-152
43
237
435
618
778
915
1033
1126
1189
1230
1244
1227
1190
1136
1065
973
867
757
638
516
399
288
182
90
19
-34
-69
-89
-85
-69
-42
-4
33
72
106
134
156
157
155
136
104
65
5
-54
-127
-205
-278
-368
-445
-529
-609
-673
-744
-786
-821
-832
-812
-779
-707
-619
-505
-366
-220
-52
119
298
486
670
854
1028
1184
1322
1424
1483
1496
1446
1342
1176
953
687
374
45
-296
-631
-937
-1219
-1439
-1604
-1703
-1723
-1692
-1585
-1429
-1228
-989
-747
-488
-244
-20
185
335
456
524
543
528
452
351
213
47
-121
-312
-485
-650
-793
-892
-968
-990
-973
-916
-808
-679
-510
-327
-134
75
271
467
644
799
937
1039
1119
1167
1178
1169
1127
1065
983
880
772
653
536
425
315
221
141
80
38
10
4
21
46
75
106
131
156
173
185
188
180
168
142
113
72
17
-41
-113
-185
-264
-346
-423
-502
-564
-618
-657
-680
-687
-670
-638
-587
-521
-438
-340
-227
-100
33
178
328
489
641
787
921
1031
1116
1159
1165
1120
1023
886
700
478
223
-47
-315
-585
-830
-1040
-1211
-1327
-1391
-1393
-1347
-1254
-1111
-938
-746
-541
-334
-133
43
199
325
403
441
440
398
309
182
40
-126
-300
-468
-620
-752
-857
-912
-927
-911
-852
-752
-622
-474
-307
-126
48
222
393
544
670
774
861
918
943
949
932
888
830
765
690
605
523
451
382
320
274
239
209
192
187
185
185
192
200
208
217
226
232
232
233
231
220
200
176
144
101
51
-4
-67
-136
-204
-268
-334
-392
-437
-475
-495
-499
-484
-455
-408
-342
-263
-176
-75
35
148
263
379
491
588
672
736
771
771
737
669
561
420
250
59
-146
-355
-556
-743
-908
-1038
-1132
-1184
-1195
-1163
-1093
-988
-856
-703
-540
-374
-215
-73
46
137
195
218
207
164
95
5
-98
-207
-315
-412
-492
-552
-586
-593
-571
-524
-452
-362
-255
-136
-12
112
233
349
454
546
623
683
726
750
757
749
727
695
655
609
562
513
467
424
384
348
318
291
268
247
229
213
199
188
180
174
170
168
167
167
166
167
164
156
146
128
105
76
38
-5
-56
-110
-167
-224
-280
-333
-377
-413
-434
-440
-428
-396
-345
-271
-180
-73
46
169
293
411
515
598
655
680
670
623
540
424
278
107
-78
-272
-464
-643
-803
-936
-1034
-1096
-1119
-1103
-1051
-967
-859
-732
-595
-458
-327
-209
-107
-30
23
51
53
34
-4
-56
-116
-181
-244
-301
-348
-379
-395
-391
-369
-328
-269
-195
-109
-14
84
183
278
366
446
513
569
612
643
662
670
669
658
642
620
592
562
527
492
456
417
382
345
310
279
247
221
195
171
154
137
126
117
112
115
115
124
132
139
149
151
154
147
132
113
80
42
-6
-60
-117
-179
-233
-282
-319
-336
-340
-317
-276
-217
-136
-48
52
148
237
317
371
406
413
389
339
257
155
31
-109
-251
-398
-536
-662
-771
-854
-911
-940
-941
-917
-867
-800
-717
-625
-530
-435
-349
-271
-205
-157
-121
-103
-99
-106
-123
-144
-169
-192
-210
-222
-225
-217
-198
-165
-125
-75
-17
46
112
180
246
307
364
416
460
493
520
538
550
554
554
551
543
536
529
520
512
501
491
477
461
441
417
390
357
323
288
249
214
181
153
132
114
106
101
102
106
109
112
107
99
85
59
31
-8
-48
-90
-131
-162
-191
-206
-211
-206
-185
-157
-117
-71
-24
26
68
105
128
134
127
97
50
-17
-101
-196
-303
-412
-517
-616
-699
-764
-805
-822
-815
-781
-727
-657
-573
-484
-392
-307
-232
-169
-125
-97
-88
-95
-115
-146
-182
-220
-255
-281
-298
-301
-290
-264
-222
-168
-103
-30
48
129
207
281
348
401
444
473
489
494
486
471
449
425
401
379
362
350
345
346
349
360
371
382
392
397
399
393
383
369
348
327
300
274
249
223
202
179
160
142
121
106
85
66
46
20
-20
-39
-52
-64
-65
-64
-55
-39
-23
4
26
51
72
85
98
97
89
72
40
3
-48
-105
-168
-237
-305
-375
-439
-498
-550
-589
-620
-637
-641
-635
-614
-587
-551
-509
-468
-424
-384
-347
-317
-295
-278
-269
-264
-262
-263
-263
-262
-256
-243
-226
-200
-169
-131
-87
-38
13
66
119
171
219
263
303
336
361
381
392
399
400
397
392
383
376
369
363
363
364
369
376
386
397
406
413
415
414
406
391
370
344
313
280
246
212
181
154
131
115
101
91
84
78
73
65
55
43
29
13
-4
-20
-33
-45
-52
-56
-55
-49
-41
-31
-21
-12
-5
-5
-9
-20
-41
-70
-107
-150
-200
-256
-313
-371
-426
-478
-522
-557
-581
-595
-599
-591
-573
-545
-512
-474
-434
-391
-350
-312
-278
-249
-225
-207
-195
-188
-184
-183
-182
-180
-176
-169
-157
-139
-114
-83
-48
-6
39
87
134
181
225
266
300
331
354
372
383
389
392
393
391
388
385
382
379
378
377
376
376
375
374
370
365
358
349
339
326
311
293
274
254
234
212
191
169
150
131
112
94
75
59
42
26
9
-5
-20
-35
-47
-60
-71
-83
-93
-100
-109
-116
-122
-129
-136
-144
-153
-162
-176
-190
-208
-230
-254
-281
-309
-338
-365
-391
-413
-432
-445
-451
-451
-444
-431
-412
-389
-363
-336
-308
-280
-255
-233
-215
-200
-189
-179
-170
-161
-149
-136
-119
-98
-74
-46
-15
19
54
89
124
156
188
214
236
254
270
280
287
292
295
296
298
300
304
308
313
320
327
333
339
342
345
343
340
334
325
314
302
287
270
253
234
214
195
175
154
134
116
97
81
66
52
40
30
21
12
4
-5
-16
-26
-40
-55
-73
-91
-110
-131
-150
-170
-188
-203
-216
-227
-236
-242
-245
-248
-249
-250
-251
-253
-255
-258
-263
-268
-274
-280
-287
-292
-297
-300
-301
-299
-293
-284
-272
-255
-235
-212
-186
-158
-131
-103
-74
-47
-23
19
36
49
62
74
83
92
102
113
123
134
145
155
166
176
184
193
201
207
213
219
225
230
234
239
241
242
241
240
236
231
223
214
205
194
184
175
165
156
149
144
140
136
131
124
115
105
91
76
58
37
15
-9
-33
-57
-79
-102
-120
-137
-151
-161
-168
-172
-172
-170
-165
-160
-152
-144
-137
-131
-126
-122
-120
-121
-123
-129
-134
-141
-149
-156
-162
-165
-168
-168
-164
-159
-148
-137
-125
-112
-99
-86
-76
-67
-60
-55
-50
-48
-46
-43
-40
-35
-29
-21
-12
13
27
43
59
74
89
102
113
125
133
140
146
147
149
151
149
149
146
141
138
133
127
120
111
105
99
92
87
81
75
72
68
63
60
56
51
45
39
31
23
15
5
-5
-16
-26
-35
-45
-54
-62
-68
-73
-77
-80
-82
-83
-82
-81
-78
-77
-75
-72
-70
-70
-69
-68
-66
-64
-66
-64
-65
-62
-59
-56
-52
-48
-41
-34
-28
-20
-13
-5
2
9
16
21
26
30
33
37
40
41
43
42
42
43
41
41
39
37
36
34
34
33
31
32
31
30
28
26
23
20
18
14
11
6
3
-2
-6
-9
-11
-14
-16
-18
-18
-18
-18
-18
-17
-17
-14
-13
-13
-13
-13
-13
-14
-14
-16
-18
-20
-21
-24
-25
-26
-27
-26
-25
-24
-22
-20
-17
-14
-11
-7
-5
3
5
9
11
14
16
18
20
22
23
22
21
20
19
17
15
13
13
11
10
10
10
9
10
10
11
11
10
10
9
9
8
6
5
4
3
2
-2
-3
-3
-3
-3
-3
-3
-3
-2
-3
-3
-3
-4
-4
-5
-5
-6
-7
-7
-7
-7
-6
-6
-6
-6
-5
-5
-5
-5
-4
-3
-3
-3
-2
-2
-2
-3
-3
-3
-3
-3
-3
-3
-3
-3
-3
-3
-2
2
3
4
4
5
6
6
6
7
6
6
5
4
4
3
2
2
2
2
2
2
-2
-2
-2
-3
-5
-5
-5
-6
-6
-7
-6
-7
-6
-7
-6
-5
-5
-5
-4
-3
-3
-3
-2
-3
-2
-2
-2
-2
2
2
4
4
5
5
6
6
6
6
6
6
6
6
6
6
5
5
6
5
5
5
5
5
4
4
3
2
2
2
-2
-2
-2
-2
-3
-3
-3
-4
-5
-5
-7
-6
-6
-6
-7
-6
-6
-6
-5
-5
-4
-4
-3
-3
-4
-4
-3
-4
-3
-4
-3
-3
-3
-3
-3
-3
-2
-3
-2
2
2
3
3
3
3
3
3
2
2
3
3
3
3
2
3
3
2
2
2
2
-2
-2
-2
-2
-2
-2
-2
-2
-2
-2
-2
-2
-2
-2
-2
-2
2
2
2
2
2
2
2
2
2
3
2
2
2
2
-2
-2
-2
-3
-2
-3
-3
-3
-3
-3
-3
-3
-3
-2
-2
-2
-2
-2
-2
-2
-2
2
2
2
2
-2
-2
-2
-3
-2
-3
-3
-3
-3
-3
-2
-2
-2
-2
-2
-2
2
2
2
2
2
2
2
3
3
3
2
2
3
3
2
2
2
2
-2
-2
-3
-2
-3
-2
-3
-3
-3
-4
-4
-5
-5
-4
-4
-4
-5
-5
-5
-5
-5
-5
-5
-6
-6
-5
-4
-4
-3
-3
-2
-2
2
2
2
2
3
2
2
2
2
2
2
2
2
2
2
2
2
2
2
2
2
2
2
2
2
2
2
3
2
2
2
2
2
-2
-2
-3
-3
-3
-4
-4
-4
-4
-4
-4
-3
-3
-3
-2
-2
-3
-2
-2
-2
-2
-3
-4
-3
-3
-3
-3
-2
-2
-3
-3
-2
-2
2
2
2
2
2
2
2
3
2
2
2
-2
-2
-2
-3
-3
-2
-2
-2
-2
-3
-3
-3
-3
-2
-2
-2
-2
-2
-2
-2
-2
-2
-2
-2
-2
-2
-2
-2
-2
-2
-2
-2
2
2
2
2
3
3
3
3
3
3
3
3
3
3
2
2
2
2
-2
-2
-2
-2
-2
-3
-3
-4
-3
-4
-4
-5
-4
-5
-5
-5
-5
-5
-4
-4
-4
-4
-4
-4
-3
-3
-2
-2
-2
-2
-2
-2
2
2
3
2
3
3
3
2
2
2
2
2
2
2
2
-2
-2
-2
-2
-2
-2
-2
-3
-2
-3
-3
-3
-3
-2
-2
-2
-2
-2
-2
-2
-2
-2
-2
-2
2
2
2
2
2
2
2
2
2
2
2
2
3
3
2
-2
-2
-2
-2
-2
-2
-2
-2
-3
-3
-3
-3
-3
-3
-2
-3
-3
-3
-3
-3
-3
-3
-3
-3
-4
-3
-4
-3
-2
-2
-2
-2
-2
-2
-2
-2
2
2
2
2
3
2
2
2
-2
-2
-2
-2
-3
-3
-2
-2
-2
-3
-3
-3
-3
-4
-3
-3
-4
-4
-4
-4
-4
-4
-4
-4
-4
-4
-4
-4
-4
-5
-5
-5
-4
-4
-3
-3
-2
-2
2
2
2
2
2
2
3
3
3
2
2
2
2
2
2
2
2
2
2
2
-2
-2
-2
-2
-2
-2
-2
-2
-2
-2
-2
-2
-2
-2
-2
-2
-2
-2
-2
2
2
2
-2
-2
2
2
-2
-2
-3
-3
-4
-4
-4
-4
-5
-4
-4
-4
-4
-4
-3
-3
-3
-2
-2
-2
-2
-2
-2
-2
2
2
2
3
2
2
2
3
3
3
2
2
2
2
2
2
2
2
2
2
-2
-2
-2
-2
-2
-2
-2
-2
-3
-3
-3
-3
-4
-3
-3
-3
-3
-3
-3
-2
-2
-3
-3
-3
-2
-3
-3
-2
-2
-2
2
2
2
2
-2
-2
-2
2
2
-2
-2
-2
-2
-2
-2
-2
-2
-2
-2
-2
-2
-2
-2
-2
-2
-2
-2
-2
-2
-2
-2
-2
-2
-2
-2
-2
-2
-2
2
-2
-2
-2
-2
-2
-2
-2
-3
-3
-3
-3
-4
-3
-4
-4
-4
-3
-3
-3
-3
-3
-3
-4
-4
-4
-4
-3
-3
-2
-2
-2
-2
-2
2
2
2
2
2
3
4
3
2
2
2
2
2
2
-2
-2
-2
-2
-2
-2
-2
-2
-2
-2
-2
-2
-2
-2
-2
-2
-3
-3
-3
-3
-2
-2
-3
-2
-2
-2
-2
-2
-2
-2
-2
-2
-2
-2
-2
2
2
-2
-2
-2
-2
-2
-2
-3
-2
-3
-3
-2
-3
-2
-2
-2
-2
-2
-2
-2
-2
-3
-2
-2
-3
-2
-2
-3
-2
-2
-2
-2
-2
-2
-2
-2
-2
-2
-2
2
2
2
2
2
2
2
2
2
2
2
-2
-2
-2
-2
-2
-3
-2
-3
-3
-2
-3
-3
-3
-2
-2
-2
-2
-2
-2
-2
-2
-2
-2
-2
-3
-2
-2
-2
-2
-2
-2
-2
-2
-2
-3
-3
-4
-4
-3
-3
-4
-4
-3
-3
-3
-3
-2
-2
-2
-2
-2
-2
-2
-2
-2
-2
-2
-2
-2
-2
-2
-2
-2
2
2
2
2
2
2
2
3
3
3
3
4
3
3
3
3
2
2
3
2
2
2
3
3
2
2
2
2
2
2
2
2
2
-2
-3
-3
-4
-3
-4
-4
-4
-5
-5
-4
-4
-4
-4
-4
-4
-4
-3
-3
-3
-3
-4
-3
-3
-3
-3
-2
-2
-2
-2
-2
-2
-2
-2
-2
-2
-2
-2
-2
-2
2
2
2
2
2
-2
-2
-2
-2
-2
-2
-2
-2
-2
-3
-2
-2
-3
-3
-3
-4
-4
-4
-3
-3
-3
-3
-3
-3
-3
-3
-3
-3
-2
-2
-2
-2
-2
-3
-2
-3
-3
-3
-3
-3
-3
-2
-2
-2
-3
-3
-3
-3
-3
-3
-2
-2
2
2
2
3
2
2
2
2
2
-2
-2
-3
-3
-3
-3
-2
-2
-2
-2
-2
-2
-2
-2
-2
-2
-3
-2
-2
-2
-2
-2
-2
-2
-2
-2
-2
2
2
2
2
3
2
3
2
2
-2
-2
-2
-2
-2
-2
-3
-2
-2
-2
-2
-2
-2
-2
-2
-2
-2
-2
-3
-2
-2
-2
-2
-2
-2
-2
-2
-2
-2
-2
-2
2
2
2
2
2
2
-2
-2
-2
-2
-3
-3
-4
-4
-4
-4
-4
-4
-4
-3
-3
-4
-4
-4
-3
-4
-3
-3
-2
-2
2
2
2
2
2
2
2
2
-2
-2
2
-2
-2
-3
-3
-3
-3
-3
-3
-3
-2
-2
-3
-3
-3
-3
-3
-3
-2
-2
-2
2
-2
-2
-3
-3
-2
-2
-2
-2
-2
-2
2
2
2
2
-2
-2
-2
-2
-2
-2
-2
-3
-3
-4
-3
-4
-3
-2
-2
-2
-2
-2
-2
-3
-3
-2
-2
-2
-2
-2
-2
-2
2
2
2
-2
-2
-2
-3
-3
-3
-3
-2
-2
-2
-2
-2
-2
-2
2
2
-2
-2
-2
-2
-3
-2
-3
-2
-2
2
2
2
2
2
2
-2
-2
-2
-3
-3
-3
-2
-3
-3
-3
-3
-2
-3
-2
-2
-2
-2
-2
-2
-2
-2
-2
-2
-2
2
-2
-2
-2
-3
-3
-3
-2
-2
-2
-2
-2
-2
-3
-2
-3
-2
-2
-2
-2
-2
-2
-2
-2
-2
-3
-3
-3
-2
-2
-2
-2
-2
-2
2
2
2
2
2
2
3
4
4
4
4
4
3
4
3
3
2
3
2
2
-2
-3
-4
-4
-4
-3
-3
-3
-3
-4
-4
-4
-3
-3
-3
-3
-3
-3
-3
-2
-3
-3
-3
-4
-3
-3
-2
-2
-3
-2
-2
-2
-2
-2
-2
-2
-3
-3
-2
-2
-2
-2
-2
-2
-2
-2
-2
-2
-2
2
2
2
2
2
2
2
2
2
2
2
2
2
-2
-3
-3
-3
-2
-2
-2
2
-2
-3
-2
-2
-2
-2
-2
-2
-2
-3
-2
-2
-3
-2
-2
-2
-2
-2
-2
-2
-3
-3
-2
-3
-3
-2
2
2
2
2
2
2
2
2
2
2
-2
-2
-2
-2
-2
-2
-2
-2
-2
-2
-2
-2
-2
-2
-2
-2
-2
